,0
1585,2212
491,2058
162,1141
1919,1179
2090,602
215,2212
944,2212
763,1097
279,1146
244,244
611,2212
499,499
1502,1179
865,2212
589,1179
1232,2212
1210,488
11,1179
1208,1208
1678,61
239,872
1609,61
245,570
1274,1179
1603,2212
1931,1871
1739,1739
1582,1675
1268,726
1279,2212
1901,2212
1379,2129
592,2212
1726,872
818,2152
30,2212
28,61
229,2110
791,791
361,61
922,1390
2157,1301
1471,872
1552,1390
338,2212
1519,1179
1599,681
1245,1245
1132,19
2306,2212
360,360
73,2306
1512,503
1568,872
1289,1289
331,442
2247,1827
1473,1390
845,2212
1513,1366
1660,1827
2085,2058
2279,2212
1364,1301
411,1179
669,1179
2301,1201
297,2212
1863,2212
757,1508
312,443
509,830
1740,872
1335,442
1900,2004
1439,1439
1022,570
321,2212
718,61
329,329
1344,1390
1792,2212
1734,1734
659,1827
1320,1199
2020,1179
189,1950
1822,1179
42,2212
217,2212
315,681
1632,2212
676,2212
174,1179
681,681
1171,1827
306,872
1218,1366
440,1179
2043,1154
1373,1390
193,2212
1668,2207
1911,1179
22,22
262,270
823,503
2284,1226
1041,2030
1593,1295
466,1181
1921,898
1173,1827
1342,503
2014,1770
1166,1301
1093,1179
303,2207
1826,1150
599,570
1257,1827
629,2058
2073,892
946,1179
963,570
578,1628
1972,1179
1489,1489
997,2212
1880,2212
75,570
1681,1179
1684,1827
813,2207
1196,872
46,61
393,2212
2164,237
1139,2212
1926,570
2260,2212
2128,1470
1485,443
275,244
917,1097
102,2212
1773,2212
129,129
829,1179
1741,2152
201,791
1570,503
288,1301
2129,2129
777,1422
1216,1179
521,617
795,1179
1109,2212
1475,1047
366,2212
448,1716
165,1911
1235,1235
926,1827
1755,443
1464,1628
156,570
625,2212
711,1179
921,1847
1233,1300
2056,1827
2152,2152
790,19
1899,1899
1313,849
1302,2212
1001,2212
114,1179
1223,1179
307,270
648,2013
415,2212
2206,1179
1077,1301
2054,1390
429,2212
504,2212
468,206
2029,1179
352,352
940,940
2245,1179
739,739
1918,2212
905,1179
1440,1179
2276,1179
173,322
497,497
65,270
1343,2207
70,70
1962,1390
1315,1179
1264,878
232,270
1259,1179
559,1916
1061,1280
150,570
1405,1179
1351,2212
1385,22
199,2212
208,1179
1031,1854
328,2212
196,1390
1971,2212
1840,1026
1597,1088
2167,828
1714,61
1332,61
978,1390
1401,1401
501,872
1657,1179
2111,696
246,1179
844,681
2197,1179
1807,1390
1400,1390
1638,1610
714,1301
363,617
1793,1390
1292,1292
98,1827
1587,1587
867,61
945,1808
224,1179
364,1179
2264,2212
1957,1916
1434,503
1861,1235
666,544
400,2212
2185,1179
529,61
1874,941
1598,257
122,2212
433,2212
1368,152
1362,1628
1296,2212
2253,1179
678,2212
897,1179
233,19
1094,1094
1338,61
347,1179
2107,2283
1188,941
16,1060
2147,1178
367,2058
1789,934
827,1676
422,497
1999,1490
2270,1390
1203,538
898,898
1383,2212
2274,2212
1431,1179
2068,1179
1040,1366
146,1179
1516,570
927,1390
567,1390
2251,1867
1184,61
530,2212
816,1199
178,1179
2162,2212
2179,1179
1396,497
520,503
1970,1970
381,381
1496,696
828,828
566,1390
1470,1470
1523,1179
544,544
301,1539
632,633
1567,2051
2190,2004
2229,2212
2025,1470
273,2282
2066,1402
2232,570
1904,406
432,432
2071,1179
1710,1179
1821,2212
1177,1179
1500,2004
161,2152
626,503
1404,1827
788,1610
2170,1730
1153,2212
1961,1179
1823,1179
1295,1295
284,244
721,428
1763,2212
748,55
387,1235
596,1734
465,1401
531,1226
1897,2212
1491,900
96,2127
67,841
2277,726
485,19
1575,1047
1459,1179
1360,1179
1222,2212
1738,872
769,1179
230,1716
2096,1390
1574,1179
754,19
973,570
2021,1179
1542,1301
1920,1916
216,1390
1055,61
409,409
1402,1402
2292,1390
1262,244
1377,1301
861,913
86,872
2216,270
882,882
350,2212
1348,1179
1868,681
1505,2212
2019,902
399,872
334,1390
1316,1411
1225,1390
38,1539
1629,1301
1764,432
1480,2212
1083,61
2246,664
1378,443
840,840
455,19
1986,726
715,715
951,882
2239,2212
1786,1786
1127,61
300,1333
1594,617
304,2233
1293,2212
1780,1780
380,1179
2034,270
747,664
1580,1580
628,1029
2176,1179
2265,2217
586,61
2182,664
548,270
1781,840
128,1179
144,892
55,55
1796,2306
2166,22
720,872
971,2212
19,19
1716,1716
458,1179
932,1786
619,2212
1717,443
719,2212
1103,61
858,1587
1922,503
1318,1063
1129,1047
1266,1390
1392,1847
727,2212
231,1179
598,1916
1550,681
620,1950
1445,1179
2267,1179
435,61
171,2212
1372,61
726,726
296,872
1064,1827
1963,1916
1251,1402
2168,1734
2230,1640
1272,2207
1258,19
1630,1007
2244,892
2036,61
871,443
693,872
1987,2212
370,570
650,2212
2138,2212
1487,325
1281,1280
1409,1179
249,1881
1008,2212
1694,443
903,1295
2103,1628
999,999
717,2212
1539,1539
268,1084
800,1179
2283,2283
84,866
709,168
1027,1179
732,1347
952,2023
574,664
638,828
765,1610
1340,1060
1367,2212
694,503
617,617
2149,1179
913,913
460,1809
330,1179
849,849
355,2212
1190,1179
488,488
961,1390
1327,443
1990,1179
264,570
1131,1179
716,1179
1690,917
1397,19
35,1301
1291,2212
2225,902
2118,2271
1702,2207
1045,61
2084,1827
1791,1179
2250,1179
27,1154
1530,61
1107,503
2293,443
1937,1357
1703,1179
39,1347
1689,1097
1120,1235
1152,1539
1854,1854
1099,828
762,499
1501,2212
29,1390
2070,1470
2010,1243
463,463
1636,1179
1311,443
1436,1375
1644,1097
866,866
1353,1656
56,1470
3,2212
1056,442
2031,1416
1423,443
558,270
373,2152
14,2212
663,663
910,1929
2040,1179
478,503
1443,1181
1620,1179
374,270
2220,1301
1242,432
1813,1813
1418,2212
1944,1154
857,576
2144,2110
340,904
473,473
1933,894
1869,1179
1576,609
1643,1047
1743,1179
1873,2212
2159,1390
1034,2212
2255,1179
207,1809
424,2212
1810,19
412,917
1622,1179
1002,1179
1951,1951
751,488
2305,2207
2146,2212
2143,1226
920,2212
1435,1179
82,1301
782,1916
1927,1670
1750,1060
1790,1179
925,988
1771,1289
372,1390
293,2207
1538,1390
731,894
1841,61
13,270
1834,1390
1421,2110
212,1154
1323,1916
1584,664
708,61
594,1179
2099,360
490,1097
506,2212
2083,2212
447,2212
172,1628
1214,1214
784,784
145,1179
442,442
787,787
576,576
1411,1411
357,19
481,481
1433,1433
59,2212
2069,1390
2094,1179
914,1827
591,591
994,1333
8,1179
1785,681
582,1390
1653,1653
1024,1390
689,209
811,2212
282,2212
181,2212
1,1916
1827,1827
1553,631
112,1867
995,270
909,1179
1059,1929
325,325
2102,1827
613,1179
1812,61
642,664
1167,2202
744,1179
1851,1390
1797,2047
1161,1179
874,2051
142,664
697,443
573,573
2266,2212
1561,2058
649,1179
453,1827
2295,1676
2080,664
1482,2212
812,2207
2307,2212
2148,1929
704,948
1018,1179
937,1181
443,443
670,1301
369,2212
430,446
956,1179
887,940
164,1240
1541,1179
2088,2212
1494,1390
523,1389
505,1179
525,1889
1298,1827
713,988
1960,723
2191,1179
2289,1179
123,2202
1221,1221
1115,2110
889,1490
872,872
1014,828
1365,1365
627,503
2234,1179
1110,2212
190,1439
552,2306
105,2212
894,894
955,1179
1564,617
2109,1390
1533,244
58,1179
2117,617
2256,503
1220,872
2177,22
634,1179
176,1179
1037,2212
1197,497
1586,1179
1015,1097
2194,1150
1941,1676
1903,270
80,828
1477,2212
61,61
1945,1390
278,2212
274,2181
1205,2212
305,1916
292,1179
1415,19
152,152
780,1916
149,1179
2044,244
1051,2212
94,2212
1021,1181
12,2212
1675,1675
1712,570
2195,1470
988,988
2120,1295
180,2212
187,2152
1936,1179
482,2212
870,538
1725,1179
1939,19
1054,1226
2202,2202
1182,2172
1902,872
1384,1827
923,1827
286,828
1915,1390
2296,1286
1479,2212
1098,1301
302,61
1671,2212
522,872
881,1179
2077,1179
195,2212
1809,1809
1275,61
1619,285
1428,2217
2240,375
2140,503
1011,270
1020,1470
1589,61
943,1301
2223,2212
2063,1588
2101,1540
1331,1780
1855,1537
1817,1716
1185,237
1106,1390
2046,2212
2163,2212
91,91
1520,2212
750,1245
789,1179
1472,1390
658,2110
2004,2004
1476,1179
1992,1734
2030,2030
2,2212
1350,270
449,1179
1673,941
271,1179
1670,1670
1452,19
253,2110
339,538
779,1097
444,664
402,617
1608,849
2112,1179
2215,61
2171,739
2042,2207
2059,1179
1928,1179
1686,1088
2150,2212
538,538
90,1221
2022,1390
1700,1390
1328,19
1697,503
420,1390
1297,1179
584,715
1650,1390
375,375
1191,1179
734,1179
2189,1390
267,1301
92,1390
796,2207
939,1179
2211,1179
221,443
752,2212
1968,1179
1104,1950
1605,1390
1198,570
1345,872
822,570
93,2212
1085,2212
664,664
2213,2058
1752,872
2294,2212
109,1179
1805,61
1253,2212
1719,1719
1017,1301
2018,2212
502,1179
2222,1179
1488,1179
2214,2212
1648,2207
1063,1063
1640,1640
62,1333
2160,1226
1451,1226
323,2212
110,110
883,2212
1135,1301
2237,2058
1072,791
675,2212
1240,1240
2268,1411
984,1179
100,872
1419,61
494,443
824,2212
1646,443
407,1179
975,591
2033,61
728,1390
1438,2129
1864,2212
969,237
510,1179
1265,168
707,1179
396,428
807,2058
64,570
1303,573
1261,2039
66,2212
806,2212
53,1301
103,19
368,1179
1444,2212
456,2212
2173,442
1515,1179
1005,1179
2151,664
835,1179
1677,2233
735,2212
1830,664
1414,1097
115,696
825,872
1895,1179
486,1300
2224,1301
635,19
1979,270
175,1179
1013,311
83,2212
1463,1463
135,981
980,872
1652,1179
197,61
1753,2051
1497,1179
746,1179
1194,26
1635,1179
643,1656
1896,617
958,1179
1304,1390
1882,2212
941,941
1969,463
2110,2110
1082,2212
1878,1179
255,1716
1122,1122
723,723
1934,2207
1680,495
68,828
775,352
741,2212
1121,1179
972,19
992,1390
2188,2188
1977,1390
1518,237
1549,432
219,2212
2011,2212
1183,1183
1200,2212
2233,2233
1124,503
2124,1179
20,2212
601,570
826,2212
1908,609
428,428
2180,270
2204,1301
2038,1390
662,443
785,1097
1420,2212
186,2207
2064,2110
2290,1179
839,1911
469,497
847,1179
1142,1090
706,1097
1337,503
1493,1493
771,570
2236,2110
1557,1333
1946,2212
851,1929
401,1179
1070,1179
1301,1301
733,2271
454,1179
1669,2212
970,497
2055,1827
247,1312
1088,1088
1341,784
1950,1950
1679,892
1626,1716
398,696
1907,439
1572,1390
797,1179
885,681
915,1181
503,503
1290,1179
691,503
2136,1827
884,681
69,2212
1954,1827
1803,872
2142,61
320,503
474,1390
1146,1146
774,1179
480,1734
1430,1595
163,1179
636,1179
1768,1243
1282,1653
1065,570
299,1286
291,875
2254,1179
2007,2110
2000,19
1169,2058
1938,1179
258,872
1998,1280
272,664
113,1390
2241,1916
1929,1929
2288,2212
1312,1312
1993,2306
1816,1539
2243,1301
1105,1366
1871,1871
990,497
1448,1179
1492,129
804,1179
568,2212
437,1390
792,696
1399,1179
724,1060
1981,2212
859,617
1050,61
772,570
1506,61
622,1179
2208,442
1468,2212
1163,1493
736,327
51,2212
564,209
837,917
2134,2212
1391,1280
1102,1181
477,2212
1658,1721
740,740
266,22
668,1942
157,2212
590,1758
1000,2212
1456,641
563,563
688,2212
1326,1179
1984,1966
1004,1179
1408,2212
537,948
283,1390
397,1181
1507,2207
1798,2212
1800,45
1176,941
880,1179
1892,1390
514,1916
1867,1867
637,19
976,322
324,1734
261,1179
2178,1390
933,1179
1150,270
942,570
886,22
1708,1493
1363,2212
738,1179
985,1847
441,1179
1412,1179
630,1179
609,609
5,664
1980,1150
1698,2212
1757,2212
875,875
614,443
126,1827
237,237
1517,1179
125,1179
1254,1628
436,828
1283,1092
1563,2207
467,1970
1709,2212
1988,2212
1369,488
2226,61
2133,1670
1866,2212
1715,1179
661,2188
1359,1179
1893,1179
1806,664
1883,1827
57,1179
1596,1910
1666,605
2097,1179
2198,61
63,1143
1602,2212
17,19
191,1179
182,1179
52,1241
729,872
166,1092
1250,1292
1306,1827
1974,1199
445,1827
310,2212
1894,375
209,1390
2006,1301
1723,1390
395,443
97,1966
1243,1243
631,631
557,570
1842,1997
31,1181
987,1628
1836,872
1092,1092
1460,1179
1447,503
1627,1827
358,1179
336,1827
1529,2212
2158,1179
32,866
1148,538
1234,1179
1174,1179
394,875
912,2212
1246,2212
2205,1390
2145,2212
1229,1734
749,1721
295,1150
1100,2212
200,2212
1532,2051
2192,2192
1212,1390
124,1827
1032,327
1422,1422
2175,497
895,787
2052,2052
47,617
1010,270
1465,1827
899,1827
1655,2212
1285,1179
2275,787
71,22
1590,1590
1143,1143
1761,1761
1058,443
1707,1179
1774,617
604,1827
1641,1179
353,327
964,2212
1450,1571
241,1047
45,45
1322,405
426,563
318,2212
2013,2013
185,2207
1581,1581
1387,1179
904,904
2078,681
2248,2248
615,2212
153,473
23,1179
139,2212
1949,2212
781,1286
1458,1911
1588,1588
269,269
408,1295
451,664
1278,1333
1388,2212
289,443
1417,2212
1256,1214
2196,61
43,1179
656,1179
1930,2039
1625,1916
378,497
588,894
1879,1179
41,1060
1767,2052
2074,2212
856,1179
1556,61
1721,1721
1843,894
667,1734
44,1179
1795,61
1600,538
2227,503
518,2212
21,443
359,1179
1263,1390
1347,1347
1633,1390
1510,1301
810,1390
418,476
815,2212
48,1179
184,2212
2049,1390
2287,2287
677,2207
1156,1628
1543,2248
472,2212
2106,503
1086,1179
1007,1007
346,2212
1035,1179
2141,1390
633,633
901,1179
2067,1154
1294,1179
768,2212
1876,617
248,1301
1207,1179
1559,2212
654,1490
427,2212
902,902
756,2212
192,1179
337,1390
587,19
1693,726
1853,206
1490,1490
786,1179
1819,2212
1848,1848
1181,1181
1269,2212
646,1301
1049,2058
1814,1814
1870,1179
1917,2212
1651,1280
2235,2212
1688,664
270,270
2060,2110
864,1590
758,1179
819,237
377,1716
1614,1581
855,1179
580,1179
72,327
365,1179
1329,1329
761,1179
511,1179
853,2212
1811,2212
1923,2212
2300,1333
966,1301
1942,1942
938,110
1349,640
1429,791
167,1179
1178,1178
1631,1827
1357,1357
2304,209
1996,61
471,1411
1144,2212
1583,1390
767,1088
1047,1047
131,872
2261,1179
119,1721
108,872
1540,1540
10,1390
1091,1179
423,1226
2087,2212
722,872
1134,570
85,1179
33,1179
1186,209
384,19
919,1179
1145,1145
607,2207
755,406
1484,1150
49,913
351,2212
205,19
508,2212
834,1301
1386,1179
1354,2212
1991,1734
1033,726
1138,22
1695,2212
836,1390
137,1580
930,2110
263,61
1267,872
549,2212
314,570
40,617
1591,902
1509,1628
177,1179
1398,2152
1783,2058
507,570
1206,1137
1227,1390
313,1097
1286,1286
1052,1390
685,1966
998,2212
2086,1916
854,664
907,2282
238,442
1029,1029
1211,2207
1393,2212
60,1301
2017,1179
703,61
798,1628
79,1390
730,2212
2041,2212
1537,1537
1947,617
623,1179
888,2207
1765,1179
1916,1916
257,257
1215,1827
2114,1734
1860,1390
148,2212
1095,1095
653,2212
517,1390
896,1179
24,2306
1116,1179
652,1827
50,1199
410,570
1832,664
1849,2212
2032,1416
974,2212
766,1179
893,443
830,830
1097,1097
500,2282
132,19
290,1179
2273,1390
2303,2212
236,1154
1731,91
487,1179
1324,2212
2121,1827
551,443
1628,1628
1536,2212
1756,1179
406,406
1794,443
1522,664
2137,61
2259,2212
1912,497
1737,1179
1241,1241
539,1179
602,602
1839,2110
1426,2212
2035,1390
595,664
533,1827
1195,2212
1604,443
1637,45
143,2051
2092,2212
446,446
868,503
240,1179
1751,894
1565,1179
1569,2212
579,1813
1136,2212
1560,664
1380,1084
1833,872
1856,1179
1238,1179
1997,1997
1164,2212
234,1179
1108,872
1175,570
1554,61
1231,1734
6,941
561,2212
1672,2212
1801,872
170,1301
54,1390
1623,1137
256,409
322,322
1483,2212
1718,2212
1236,2212
1067,61
1745,503
947,2212
1321,1390
1758,1758
1201,1201
793,237
655,1179
1514,570
1276,503
581,902
280,443
2249,1676
2272,2212
1437,2212
651,1628
1089,1929
1446,1179
1784,1916
25,1047
2155,1966
577,576
967,2212
1727,1179
862,862
1770,1770
2203,1628
1909,1047
1374,681
2282,2282
1659,1716
1824,443
1128,1301
1239,1239
1953,1179
570,570
1192,1950
371,1301
1403,1716
2062,2212
1111,1111
843,19
1858,443
1044,681
950,61
183,443
1815,1827
572,2212
2105,1241
644,61
692,1088
154,2282
1544,1300
2257,1390
624,2212
924,2212
679,1301
2210,2110
2100,1179
1733,828
438,438
1713,1179
1307,1375
1075,1827
1165,617
342,538
1656,1656
1787,1179
2286,2058
2135,681
801,609
2181,2181
1914,2212
1060,1060
1217,1179
202,481
1736,1736
2098,2212
120,1088
1910,1910
1601,270
1187,2212
2252,1366
1952,573
285,285
1057,70
850,1653
326,1179
1772,244
621,1390
1271,1181
1525,1734
639,354
1202,570
1230,875
1610,1610
657,1179
1427,1628
2015,2212
838,570
2280,1716
846,1411
2126,2212
686,61
2154,237
1016,2212
2278,2212
1788,61
1074,872
2072,1470
1531,1301
461,2212
140,1179
88,88
1160,2212
389,2212
18,2287
1053,443
1989,2212
383,383
138,1716
362,1179
1828,476
1956,2110
225,1916
1887,2212
640,640
2012,647
1825,726
498,2212
848,1848
690,1179
2297,19
1193,2212
1642,476
2217,2217
111,1916
1742,681
1096,1390
87,270
1551,664
1612,2212
1038,681
194,1179
2115,2212
136,270
1028,1047
565,2212
2076,1179
2298,1827
431,1146
1744,2212
1009,1179
699,1580
2172,2172
1375,1375
158,2192
1151,2013
1449,1537
1762,696
873,2306
934,934
2281,1179
1287,1827
276,1433
1130,2207
1149,2212
228,1179
425,1411
130,61
319,1390
335,1179
2065,1628
1886,2058
434,1179
1410,19
1101,1628
1994,1809
222,1179
2228,19
1495,443
376,1295
439,439
803,1390
1829,941
250,2212
1973,1179
1179,1179
778,1097
1078,61
484,1181
1782,1179
1729,2110
1389,1389
1760,1179
981,981
1425,892
1925,2207
2165,2212
1062,322
1416,1416
547,1179
1706,2212
593,2212
550,1827
1137,1137
1704,1286
1019,681
1820,1179
986,892
1862,2207
1687,244
928,1179
1455,664
1720,605
343,2212
414,383
117,2212
2028,1734
1779,503
1747,1747
555,19
1466,1848
737,19
1270,244
1237,2207
1508,1508
554,1179
496,1365
698,740
1865,2282
1978,828
1305,664
2238,1916
457,2212
2045,2039
1578,696
2122,443
1592,2207
672,1241
1336,1179
2001,61
1090,1090
1676,1676
1701,1179
820,1390
1982,2282
710,2212
1228,664
464,1540
243,1181
821,2212
1504,1179
954,902
36,2212
1273,1734
1621,999
2039,1179
645,1179
560,1301
1039,2212
1087,2212
1967,1301
2201,1179
1837,1179
2005,1610
2193,1179
805,1916
773,872
1728,2282
1691,872
1649,1422
1355,443
2153,1539
682,2207
833,1214
254,1814
1577,1739
527,2212
203,2110
1732,2212
78,2212
641,641
1852,1852
700,1179
860,872
413,664
392,1179
259,1493
104,1179
1558,1390
1534,2039
2127,2127
2130,872
712,828
1155,1827
214,2212
2212,2212
794,663
546,570
2051,2051
2302,1401
1881,1881
2221,442
265,1719
906,1179
2139,1390
1948,617
1026,1026
1661,1827
206,206
1499,898
2104,1295
2079,1143
168,168
1932,497
1808,1808
949,2202
1133,1179
151,1179
76,503
1441,2212
2183,2212
1413,1951
1898,2212
2116,544
1498,244
1924,2207
1395,2207
2184,2212
2095,1137
687,1390
1467,1137
1562,1179
671,1179
1749,1097
349,2212
1722,2212
753,1411
1775,1179
1685,1390
1667,1390
1906,1827
7,503
89,1539
1890,1490
1859,664
2131,2207
242,681
1469,1390
931,2212
542,1301
1831,2212
1838,2212
1546,2212
618,1966
879,428
1571,1571
1247,2110
1983,1286
134,2207
34,1179
179,503
519,443
356,2212
404,1245
1521,1521
1069,1390
495,495
1424,285
979,1411
348,2212
918,570
2023,2023
1985,2212
1545,1493
155,1111
674,828
1754,1179
1746,1390
2027,1235
1845,2212
459,1179
2262,1145
2003,1095
2053,1179
916,2212
1905,1463
878,878
1381,1029
600,787
1284,432
891,19
764,61
1618,2212
1382,2051
1624,1390
1528,2212
421,2212
235,1734
493,1716
1663,1179
877,1411
160,503
277,1179
911,503
808,1950
1955,1390
799,617
2113,2212
1730,1730
1503,1827
379,1827
1066,1179
1154,1154
1172,1734
450,503
890,1827
1461,882
1003,1179
1376,1390
908,908
2258,2110
809,917
725,61
1615,2212
673,2212
647,647
606,1179
1888,61
1012,872
2082,1966
419,1539
218,209
2002,1390
1778,1179
783,1390
333,2212
2169,570
2058,2058
1889,1889
1170,2152
543,1179
1333,1333
2048,1390
513,617
1442,1809
1975,2212
1481,2212
341,1916
1334,570
953,1899
2123,1060
1891,570
1213,1628
298,1060
475,269
118,2207
1158,1777
1818,617
695,1390
281,1390
2161,1179
1454,1847
391,617
1639,61
1964,1390
996,1179
1647,1390
133,1097
1875,739
605,605
1319,1827
26,26
9,1809
1224,503
2231,2212
1390,1390
1940,1179
81,1179
1995,2058
962,1470
1799,570
1511,1179
583,2212
1847,1847
1776,617
332,1390
1566,1734
959,1734
116,1734
1674,1852
892,892
287,828
1857,1137
770,2212
2174,61
1081,1390
2119,2110
107,2207
211,1179
1123,1390
2047,2047
1180,381
1692,2212
2218,2212
1371,2212
2156,1390
492,1301
4,1736
1125,61
1527,1179
1555,503
1748,2212
1406,1179
1260,503
2008,2212
2187,2212
476,476
701,61
1244,1827
1310,1179
311,311
1802,1235
571,1179
416,2212
2125,1734
1370,840
983,1489
665,1208
2132,473
1850,2058
1309,1734
479,1333
1366,1366
1965,2212
2108,696
106,1721
536,2051
15,1097
2285,209
683,476
1682,1827
2219,2212
545,2212
1073,206
188,723
1048,1301
863,244
121,1911
1611,1537
597,22
745,61
1299,872
2061,2212
1654,1716
169,61
1159,828
141,1911
2207,2207
1249,61
528,1181
1317,1179
532,61
660,1094
1835,61
159,1179
1113,61
1226,1226
327,327
1394,1809
403,443
876,1329
260,1390
610,1827
1046,1179
1664,1390
2081,591
2209,19
2186,872
1325,2051
2009,1827
562,2212
841,841
1804,1122
252,664
991,872
1966,1966
989,1179
831,872
2091,2212
147,2212
869,1470
2271,2271
1711,1179
1462,2110
760,1179
2037,2212
1141,1141
386,19
585,1493
344,2212
1071,862
1114,1916
684,2212
1219,2306
2200,61
575,2207
2026,1179
101,872
814,1347
1358,1286
1885,2212
226,1201
817,1916
354,354
977,1179
74,2212
1209,2212
1547,2212
405,405
852,61
1339,1179
759,61
705,828
2075,1780
1696,1301
1616,443
1486,2212
1699,2212
680,664
1613,19
1777,1777
1023,270
470,2110
936,1301
483,1734
702,488
317,2212
515,1390
1935,497
1042,908
127,61
1147,617
204,1179
1617,61
2291,2212
612,2212
929,2212
1189,2212
213,1390
1634,88
1068,1539
1076,26
1346,443
2024,257
1884,1911
1453,1179
802,872
1043,19
1157,1827
390,2212
1036,696
2199,892
993,872
385,872
1204,664
1579,1929
294,1179
1314,1181
1162,2212
1030,1809
1683,1390
1432,1390
742,2212
1735,1179
608,438
1872,2212
526,61
462,892
1524,2212
2242,2207
1573,1280
1117,1179
569,1929
1118,2212
603,1137
382,1329
1277,2212
965,2212
1526,2212
417,1179
900,900
1959,88
210,1179
198,2039
2057,463
1759,696
553,1390
489,1179
2263,1183
616,1179
1356,61
1474,503
2093,1827
1255,2212
1958,1179
1199,1199
540,1716
948,948
95,2212
1140,573
1252,1402
1724,2207
556,1390
534,1179
1645,681
832,1390
968,2212
1006,1295
982,1280
1084,1084
1119,1734
345,2058
512,428
452,1179
2089,1827
220,1179
1548,443
1457,1761
541,1179
251,2212
1080,1747
2050,573
1407,1179
223,1150
1705,19
1535,2282
227,1179
1330,1150
1662,329
1361,1179
842,244
696,696
957,1390
524,442
77,894
1308,481
1844,1239
1607,1179
2269,2207
1769,503
1913,1179
2016,2207
1079,872
388,1301
1112,2212
1665,443
1766,1181
1168,442
776,787
1877,1490
1606,2212
1595,1595
1943,2152
535,1521
1280,1280
2299,1201
309,1590
1478,570
1025,2212
1248,1179
1300,1300
1846,1179
935,1179
516,2212
960,664
37,1827
